
== 0 ==
[[1.0000000e+00 0.0000000e+00 3.3974477e-26 0.0000000e+00 0.0000000e+00
0.0000000e+00 0.0000000e+00 0.0000000e+00 0.0000000e+00 1.6024496e-25]]
== 1 ==
[[0.0000000e+00 1.0000000e+00 5.3088872e-26 2.9026112e-34 5.6169461e-15
1.1430732e-30 7.3222651e-25 0.0000000e+00 7.9106371e-27 1.0473790e-31]]
== 2 ==
[[0.0000000e+00 4.5906898e-27 1.0000000e+00 9.2746137e-35 0.0000000e+00
0.0000000e+00 0.0000000e+00 1.4511191e-27 0.0000000e+00 0.0000000e+00]]
== 3 ==
[[0. 0. 0. 1. 0. 0. 0. 0. 0. 0.]]
== 4 ==
[[0.0000000e+00 0.0000000e+00 0.0000000e+00 0.0000000e+00 1.0000000e+00
1.6995763e-25 5.1762853e-32 1.1409783e-29 2.2797794e-28 3.1332357e-09]]
== 5 ==
[[0.0000000e+00 0.0000000e+00 1.9428405e-36 7.1902852e-11 0.0000000e+00
1.0000000e+00 0.0000000e+00 0.0000000e+00 8.1929473e-33 8.9462241e-21]]
== 6 ==
[[3.1443237e-16 0.0000000e+00 0.0000000e+00 1.2406333e-30 2.7327136e-37
6.6898082e-15 1.0000000e+00 0.0000000e+00 2.5567912e-19 6.4629776e-35]]
== 7 ==
[[0.0000000e+00 0.0000000e+00 3.1542929e-25 8.6911078e-37 0.0000000e+00
0.0000000e+00 0.0000000e+00 1.0000000e+00 0.0000000e+00 0.0000000e+00]]
== 8 ==
[[0.0000000e+00 0.0000000e+00 8.6707702e-24 3.9084325e-23 9.7409250e-32
1.5848219e-16 0.0000000e+00 0.0000000e+00 9.9962664e-01 3.7334600e-04]]
== 9 ==
[[0.0000000e+00 0.0000000e+00 4.8917112e-25 2.5949764e-18 2.7355192e-22
4.9362284e-26 0.0000000e+00 4.3039797e-25 1.2090622e-17 1.0000000e+00]]
